31201411181621000500000000010001
31201411181632000300000000010001
31201411181634000500000000010001
31201411181638000500000006130001
31201411181639000500000000010001
31201411181640000100000000010001
31201411181641000500000000010001
31201411181641000500000000010001
31201411181643000300000000010001
31201411181643000100000000010001
31201411181644000100000000010001
31201411181644000300000000010001
31201411181645000300000000020001
31201411181645000300000000020001
31201411271500000100000000010001
31201411271500000100000006130001
31201411271503000500000000450001
31201411271505000100000099990001
31201411271506000100000099990001
31201411271507000200000099990001
31201411271508000100000006130001
31201411271508000100000006130001
31201411271508000200000006130001
31201411271511000300000099990001
31201411271512000100000099990001
31201411271520000300000000070001
31201411271527000300000099990001
31201411271527000100000099990001
31201411271527000100000000010001
31201411271542000100000006070001
31201411271543000100000000030001
31201411271543000200000000030001
31201411271543000100000006070001
31201411271549000100000006130001
31201411271549000200000006130001
31201411271637000200000000180001
31201411271723000200000000490001
31201411271803000200000000210001
31201411280809000100000000180001
31201411280816000100000000200001
31201411280843000100000000210001
31201411280845000100000000030001
31201411280854000100000000330001
31201411280901000100000000450001
31201411280902000100000000390001
31201411280903000100000000490001
31201411280903000100000000090001
31201411280913000100000000470001
31201411280917000100000000480001
31201411280920000100000000010001
31201411280931000100000000370001
31201411280933000100000000200001
31201411280941000100000000100001
31201411280947000100000000350001
31201411281014000100000000050001
31201411281401000100000000070001
31201411281401000100000000070001
31201411281402000100000000070001
31201411281402000100000000070001
31201411281402000100000000070001
31201411281402000100000000070001
31201411281656000100000000460001
31201411281702000200000000030001
31201411281756000200000000450001
31201411281757000200000000330001
31201411281757000200000000330001
31201411281803000200000000210001
31201411281809000100000000370001
31201411281900000100000000390001
31201411281955000100000000480001
31201411281955000200000000480001
31201411281956000200000000400001
31201411282036000600000000050001
31201411282037000600000000050001
31201411282105000600000000180001
31201412010805000100000000180001
31201412010844000100000000210001
31201412010902000100000000330001
31201412010914000100000000450001
31201412010917000100000000050001
31201412010920000100000000370001
31201412010924000100000000030001
31201412010925000100000000070001
31201412010931000100000000470001
31201412010934000100000000480001
31201412010940000100000000490001
31201412010942000100000000460001
31201412010955000100000000390001
31201412011017000100000000400001
31201412011103000100000000090001
31201412011239000100000000100001
31201412011614000100000000370001
31201412011700000200000000030001
31201412011701000100000000470001
31201412011701000100000000330001
31201412011752000100000000390001
31201412011752000600000000390001
31201412011800000200000000210001
31201412011808000100000000450001
31201412011838000100000000100001
31201412011855000600000000050001
31201412011915000100000000490001
31201412012006000100000000480001
31201412012006000100000000400001
31201412012053000600000000180001
31201412012055000600000000070001
31201412020804000100000000180001
31201412020837000100000000400001
31201412020845000100000000200001
31201412020851000100000000210001
31201412020857000100000000330001
31201412020909000100000000090001
31201412020909000100000000450001
31201412020910000100000000490001
31201412020910000100000000010001
31201412020911000100000000470001
31201412020912000100000000030001
31201412020923000100000000440001
31201412020925000100000000390001
31201412020926000100000000480001
31201412020929000100000000370001
31201412020930000100000000070001
31201412020932000100000000070001
31201412020938000100000000100001
31201412020940000100000000460001
31201412021006000100000000350001
31201412021008000100000000050001
31201412021619000100000000010001
31201412021620000200000000010001
31201412021702000100000000030001
31201412021703000100000000470001
31201412021710000100000000460001
31201412021710000200000000330001
31201412021711000200000000460001
31201412021759000200000000390001
31201412021801000200000000210001
31201412021803000100000000350001
31201412021822000100000000450001
31201412021822000200000000450001
31201412021825000100000000090001
31201412021825000100000000100001
31201412022012000600000000050001
31201412022013000600000000370001
31201412022026000100000000180001
31201412030807000100000000180001
31201412030826000100000000200001
31201412030854000100000000210001
31201412030901000100000000330001
31201412030906000100000000090001
31201412030906000100000000030001
31201412030908000100000000450001
31201412030910000100000000370001
31201412030914000100000000400001
31201412030917000100000000070001
31201412030917000100000000470001
31201412030924000100000000480001
31201412030929000100000000440001
31201412030931000100000000460001
31201412030932000100000000100001
31201412030953000100000000350001
31201412031001000100000000050001
31201412031002000100000000390001
31201412031036000100000000490001
31201412031553000200000000010001
31201412031610000200000000030001
31201412031659000100000000460001
31201412031736000100000000350001
31201412031759000600000000390001
31201412031800000600000000390001
31201412031811000600000000400001
31201412031812000100000000480001
31201412031815000100000000100001
31201412031820000200000000090001
31201412031821000200000000100001
31201412031831000200000000450001
31201412031850000200000000210001
31201412031905000600000000490001
31201412031906000100000000490001
31201412032023000600000000070001
31201412032025000600000000050001
31201412032026000600000000180001
31201412040800000100000000180001
31201412040816000100000000200001
31201412040840000100000000400001
31201412040852000100000000210001
31201412040910000100000000480001
31201412040911000100000000330001
31201412040911000100000000450001
31201412040912000100000000090001
31201412040913000100000000470001
31201412040913000100000000390001
31201412040913000100000000030001
31201412040913000100000000370001
31201412040914000100000000070001
31201412040914000100000000490001
31201412040914000100000000490001
31201412040926000100000000440001
31201412040939000100000000100001
31201412040943000100000000350001
31201412041617000100000000440001
31201412041716000100000000460001
31201412041716000100000000470001
31201412041718000100000000330001
31201412041718000600000000330001
31201412041718000600000000330001
31201412041718000100000000070001
31201412041719000100000000070001
31201412041737000100000000350001
31201412041801000200000000210001
31201412041804000600000000090001
31201412041805000600000000390001
31201412041811000200000000100001
31201412041814000600000000400001
31201412041815000100000000480001
31201412041845000100000000370001
31201412041847000600000000070001
31201412041848000600000000070001
31201412041848000600000000450001
31201412041849000200000000200001
31201412041909000600000000490001
31201412042009000600000000180001
31201412050807000100000000180001
31201412050835000100000000200001
31201412050844000100000000090001
31201412050845000100000000330001
31201412050851000100000000210001
31201412050901000100000000460001
31201412050902000100000000470001
31201412050906000100000000010001
31201412050912000100000000450001
31201412050916000100000000490001
31201412050925000100000000100001
31201412050926000100000000370001
31201412050928000100000000070001
31201412050929000100000000400001
31201412050940000100000000350001
31201412051000000100000000050001
31201412051003000100000000440001
31201412051059000100000000480001
31201412051655000100000000350001
31201412051657000100000000450001
31201412051658000200000000450001
31201412051701000200000000030001
31201412051726000100000000440001
31201412051744000100000000460001
31201412051807000100000000470001
31201412051807000100000000330001
31201412051813000200000000210001
31201412051925000100000000100001
31201412051926000600000000100001
31201412051926000600000000090001
31201412051931000600000000490001
31201412051936000600000000070001
31201412051937000600000000070001
31201412051937000600000000480001
31201412051947000100000000400001
31201412051949000100000000480001
31201412051953000100000000010001
31201412052008000100000000370001
31201412052105000600000000180001
31201412052105000600000000050001
31201412072136000100000000200001
31201412072137000100000000480001
31201412080719000100000000180001
31201412080850000100000000210001
31201412080853000100000000030001
31201412080857000100000000440001
31201412080902000100000000090001
31201412080902000100000000090001
31201412080902000100000000090001
31201412080911000100000000450001
31201412080919000100000000470001
31201412080919000100000000400001
31201412080919000100000000070001
31201412080921000100000000010001
31201412080921000100000000460001
31201412080948000100000000100001
31201412081021000100000000050001
31201412081053000100000000370001
31201412081055000100000000490001
31201412081624000600000000390001
31201412081700000100000000440001
31201412081704000200000000030001
31201412081710000600000000480001
31201412081734000100000000470001
31201412081734000100000000330001
31201412081748000100000000460001
31201412081810000200000000210001
31201412081813000200000000450001
31201412081814000100000000070001
31201412081816000600000000090001
31201412081856000600000000050001
31201412081900000600000000180001
31201412090758000100000000180001
31201412090846000100000000030001
31201412090850000100000000210001
31201412090857000100000000330001
31201412090858000100000000090001
31201412090908000100000000450001
31201412090921000100000000440001
31201412090924000100000000400001
31201412090924000100000000400001
31201412090924000100000000480001
31201412090948000100000000100001
31201412090948000100000000470001
31201412091030000100000000050001
31201412091235000100000000070001
31201412091617000100000000470001
31201412091619000100000000460001
31201412091711000100000000010001
31201412091714000100000000440001
31201412091714000100000000330001
31201412091807000600000000070001
31201412091807000600000000090001
31201412091807000100000000450001
31201412091809000200000000210001
31201412091810000200000000100001
31201412091832000100000000480001
31201412091833000600000000480001
31201412091833000600000000400001
31201412091836000600000000490001
31201412091848000100000000180001
31201412100800000100000000180001
31201412100844000100000000400001
31201412100849000100000000030001
31201412100853000100000000210001
31201412100859000100000000330001
31201412100901000100000000090001
31201412100911000100000000440001
31201412100911000100000000450001
31201412100912000100000000470001
31201412100912000100000000010001
31201412100916000100000000370001
31201412100918000100000000200001
31201412100918000100000000400001
31201412100919000100000000070001
31201412100925000100000000390001
31201412100926000100000000100001
31201412100934000100000000490001
31201412100935000100000000480001
31201412101701000200000000030001
31201412101701000600000000330001
31201412101701000600000000440001
31201412101704000100000000470001
31201412101704000600000000470001
31201412101804000600000000390001
31201412101809000200000000210001
31201412101811000100000000070001
31201412101817000600000000490001
31201412101817000600000000200001
31201412101826000100000000450001
31201412101826000200000000450001
31201412101835000600000000090001
31201412101836000600000000100001
31201412101909000500000000050001
31201412101924000300000000480001
31201412101924000300000000400001
31201412101959000100000000370001
31201412101959000600000000070001
31201412102003000600000000180001
31201412110803000100000000180001
31201412110848000100000000090001
31201412110850000100000000200001
31201412110855000100000000330001
31201412110857000100000000210001
31201412110858000100000000470001
31201412110900000100000000390001
31201412110915000100000000450001
31201412110919000100000000370001
31201412110919000100000000050001
31201412110921000100000000490001
31201412110922000100000000460001
31201412110923000100000000070001
31201412110924000100000000480001
31201412110924000100000000010001
31201412110934000100000000440001
31201412110941000100000000400001
31201412111019000100000000100001
31201412111036000100000000030001
31201412111700000200000000030001
31201412111704000600000000330001
31201412111704000600000000470001
31201412111712000100000000440001
31201412111715000100000000460001
31201412111720000100000000600001
31201412111721000100000000450001
31201412111722000100000000610001
31201412111724000100000000620001
31201412111757000600000000050001
31201412111800000600000000390001
31201412111800000200000000070001
31201412111803000200000000210001
31201412111804000200000000620001
31201412111806000100000000490001
31201412111806000100000000100001
31201412111807000600000000490001
31201412111807000600000000100001
31201412111812000200000000610001
31201412111826000200000000450001
31201412111831000600000000480001
31201412111831000600000000400001
31201412111832000600000000090001
31201412111833000100000000600001
31201412111952000100000000070001
31201412111954000600000000180001
31201412120805000100000000180001
31201412120839000100000000610001
31201412120847000100000000450001
31201412120857000100000000600001
31201412120900000100000000030001
31201412120909000100000000470001
31201412120910000100000000480001
31201412120914000100000000090001
31201412120917000100000000400001
31201412120923000100000000460001
31201412120926000100000000330001
31201412120935000100000000070001
31201412120938000100000000620001
31201412120941000100000000200001
31201412120943000100000000490001
31201412120944000100000000490001
31201412121132000100000000100001
31201412121259000200000000620001
31201412121700000100000000030001
31201412121707000100000000440001
31201412121713000100000000100001
31201412121713000600000000100001
31201412121800000600000000330001
31201412121800000600000000470001
31201412121803000100000000490001
31201412121804000600000000490001
31201412121811000600000000480001
31201412121817000200000000600001
31201412121840000200000000610001
31201412121844000600000000480001
31201412121845000100000000400001
31201412121920000200000000070001
31201412121936000100000000450001
31201412121959000600000000090001
31201412122013000600000000050001
31201412122042000100000000200001
31201412122043000600000000180001
31201412122043000600000000200001
31201412150811000100000000180001
31201412150817000100000000200001
31201412150819000100000000610001
31201412150826000100000000400001
31201412150850000100000000210001
31201412150856000100000000620001
31201412150857000100000000030001
31201412150859000100000000090001
31201412150859000100000000600001
31201412150859000100000000330001
31201412150905000100000000450001
31201412150916000100000000470001
31201412150917000100000000010001
31201412150921000100000000370001
31201412150922000100000000070001
31201412150930000100000000460001
31201412150931000100000000100001
31201412150937000100000000390001
31201412150941000100000000440001
31201412150941000100000000480001
31201412150957000100000000050001
31201412151009000100000000450001
31201412151013000100000000070001
31201412151402000100000000490001
31201412151703000100000000030001
31201412151707000100000000440001
31201412151730000600000000330001
31201412151742000600000000470001
31201412151803000200000000210001
31201412151804000100000000620001
31201412151805000600000000390001
31201412151807000100000000370001
31201412151811000100000000450001
31201412151812000200000000200001
31201412151812000200000000200001
31201412151812000200000000450001
31201412151813000100000000070001
31201412151820000600000000100001
31201412151823000200000000600001
31201412151823000200000000090001
31201412151841000600000000050001
31201412151842000600000000490001
31201412151854000600000000480001
31201412151855000600000000400001
31201412151905000100000000460001
31201412152006000600000000180001
31201412160759000100000000180001
31201412160820000100000000400001
31201412160820000100000000610001
31201412160844000100000000210001
31201412160847000100000000620001
31201412160848000100000000600001
31201412160848000100000000090001
31201412160849000100000000200001
31201412160849000100000000200001
31201412160857000500000000330001
31201412160858000100000000390001
31201412160903000100000000470001
31201412160904000100000000450001
31201412160912000100000000010001
31201412160916000100000000100001
31201412160920000100000000490001
31201412160925000100000000440001
31201412160927000100000000460001
31201412160928000100000000370001
31201412160928000100000000070001
31201412160935000100000000480001
31201412160959000100000000050001
31201412161045000100000000030001
31201412161307000100000000070001
31201412161307000100000000070001
31201412161709000100000000440001
31201412161709000600000000440001
31201412161710000600000000330001
31201412161713000100000000460001
31201412161739000600000000390001
31201412161807000200000000620001
31201412161808000200000000210001
31201412161809000200000000070001
31201412161823000100000000450001
31201412161823000200000000200001
31201412161823000200000000090001
31201412161824000200000000400001
31201412161825000200000000600001
31201412161826000600000000100001
31201412161827000100000000400001
31201412161827000600000000400001
31201412161827000600000000610001
31201412161850000600000000050001
31201412161901000600000000490001
31201412162000000600000000180001
31201412162000000600000000180001
31201412170804000100000000180001
31201412170808000100000000610001
31201412170823000100000000400001
31201412170844000100000000030001
31201412170845000100000000200001
31201412170847000100000000210001
31201412170847000500000000330001
31201412170850000100000000620001
31201412170854000100000000600001
31201412170854000100000000090001
31201412170908000100000000010001
31201412170911000100000000490001
31201412170913000100000000470001
31201412170914000100000000450001
31201412170919000100000000440001
31201412170921000100000000370001
31201412170921000100000000390001
31201412170921000100000000070001
31201412170933000300000000450001
31201412170933000300000000460001
31201412170936000100000000050001
31201412170936000100000000480001
31201412170954000100000000100001
31201412171700000200000000030001
31201412171800000100000000440001
31201412171802000200000000610001
31201412171806000600000000390001
31201412171810000200000000210001
31201412171812000100000000620001
31201412171813000100000000070001
31201412171829000200000000450001
31201412171830000600000000100001
31201412171833000200000000090001
31201412171833000200000000600001
31201412171855000600000000050001
31201412171902000200000000200001
31201412171925000100000000370001
31201412171925000600000000180001
31201412171925000600000000370001
31201412180801000100000000180001
31201412180807000100000000610001
31201412180839000100000000400001
31201412180852000100000000210001
31201412180852000100000000600001
31201412180853000100000000200001
31201412180853000100000000090001
31201412180853000100000000030001
31201412180853000100000000330001
31201412180857000100000000470001
31201412180907000100000000620001
31201412180907000100000000010001
31201412180916000100000000460001
31201412180916000100000000450001
31201412180918000100000000390001
31201412180921000500000000480001
31201412180922000100000000070001
31201412180925000100000000100001
31201412180934000100000000440001
31201412181044000100000000490001
31201412181053000100000000050001
31201412181702000200000000030001
31201412181717000600000000330001
31201412181717000600000000470001
31201412181725000100000000460001
31201412181805000100000000610001
31201412181806000200000000610001
31201412181807000200000000210001
31201412181812000100000000620001
31201412181815000100000000370001
31201412181825000100000000070001
31201412181839000600000000390001
31201412181848000100000000090001
31201412181849000200000000090001
31201412181849000200000000600001
31201412181849000600000000100001
31201412181911000600000000050001
31201412181946000200000000200001
31201412181947000200000000450001
31201412182014000600000000180001
31201412182015000600000000400001
31201412182016000100000000480001
31201412182016000600000000480001
31201412190801000100000000180001
31201412190804000100000000610001
31201412190832000100000000400001
31201412190840000100000000210001
31201412190846000100000000200001
31201412190849000100000000030001
31201412190849000100000000620001
31201412190902000100000000330001
31201412190904000100000000600001
31201412190905000100000000090001
31201412190906000100000000460001
31201412190907000100000000470001
31201412190914000100000000450001
31201412190918000100000000010001
31201412190922000100000000490001
31201412190925000100000000070001
31201412190930000100000000480001
31201412190937000100000000100001
31201412191003000100000000050001
31201412191051000100000000440001
31201412191702000600000000440001
31201412191716000200000000030001
31201412191809000100000000620001
31201412191810000200000000610001
31201412191811000200000000210001
31201412191828000600000000470001
31201412191828000600000000330001
31201412191909000100000000370001
31201412191911000100000000090001
31201412191911000100000000600001
31201412191911000100000000600001
31201412191911000200000000600001
31201412191911000200000000090001
31201412191942000100000000400001
31201412191942000100000000480001
31201412191955000600000000050001
31201412192019000100000000070001
31201412192028000100000000450001
31201412192030000200000000200001
31201412192030000100000000100001
31201412192031000100000000070001
31201412192031000600000000070001
31201412192033000600000000180001
31201412201122000100000000180001
31201412201322000100000000050001
31201412201653000600000000050001
31201412201653000600000000180001
31201412220813000100000000180001
31201412220813000100000000610001
31201412220822000100000000600001
31201412220846000100000000210001
31201412220846000100000000030001
31201412220846000100000000090001
31201412220849000100000000620001
31201412220854000100000000330001
31201412220912000100000000450001
31201412220913000100000000470001
31201412220917000100000000440001
31201412220921000100000000490001
31201412220924000100000000370001
31201412220925000100000000070001
31201412220925000100000000100001
31201412220928000100000000460001
31201412220936000100000000400001
31201412220937000100000000480001
31201412221701000100000000440001
31201412221702000600000000330001
31201412221703000600000000470001
31201412221703000600000000030001
31201412221706000100000000460001
31201412221757000100000000070001
31201412221805000100000000400001
31201412221805000100000000070001
31201412221810000100000000620001
31201412221811000200000000210001
31201412221814000600000000390001
31201412221820000600000000090001
31201412221820000600000000100001
31201412221820000600000000600001
31201412221927000100000000450001
31201412221955000600000000180001
31201412230802000100000000180001
31201412230802000100000000610001
31201412230833000100000000600001
31201412230847000100000000210001
31201412230852000100000000330001
31201412230858000200000000030001
31201412230859000100000000090001
31201412230903000100000000450001
31201412230906000100000000390001
31201412230918000100000000100001
31201412230927000100000000400001
31201412230927000100000000480001
31201412230949000100000000370001
31201412230949000100000000070001
31201412231013000100000000050001
31201412231016000100000000460001
31201412231211000100000000490001
31201412231652000200000000610001
31201412231714000600000000330001
31201412231714000200000000030001
31201412231716000100000000460001
31201412231737000600000000390001
31201412231805000200000000210001
31201412231806000100000000450001
31201412231806000200000000450001
31201412231817000100000000070001
31201412231818000100000000070001
31201412231819000600000000490001
31201412231819000600000000090001
31201412231819000600000000070001
31201412231820000600000000480001
31201412231822000200000000600001
31201412231823000100000000100001
31201412231823000600000000100001
31201412231823000600000000400001
31201412231920000600000000050001
31201412232012000600000000180001
31201412240804000100000000180001
31201412240830000100000000600001
31201412240843000100000000620001
31201412240848000100000000210001
31201412240850000100000000090001
31201412240850000100000000610001
31201412240853000100000000030001
31201412240857000100000000330001
31201412240859000100000000200001
31201412240906000100000000450001
31201412240914000100000000400001
31201412240915000100000000470001
31201412240918000100000000440001
31201412240923000100000000010001
31201412240925000100000000100001
31201412240925000100000000370001
31201412240926000100000000070001
31201412240933000100000000460001
31201412240955000100000000480001
31201412241014000100000000050001
31201412241314000100000000490001
31201412241605000600000000470001
31201412241700000200000000030001
31201412241700000200000000030001
31201412241708000200000000440001
31201412241759000100000000620001
31201412241802000100000000450001
31201412241805000600000000100001
31201412241805000100000000610001
31201412241807000200000000600001
31201412241810000200000000210001
31201412241814000600000000070001
31201412241814000100000000490001
31201412241818000600000000480001
31201412241821000600000000200001
31201412241821000600000000390001
31201412241823000600000000400001
31201412242003000600000000050001
31201412242006000100000000370001
31201412242107000600000000180001
31201412260810000100000000180001
31201412260811000100000000610001
31201412260844000100000000200001
31201412260850000100000000330001
31201412260857000100000000400001
31201412260857000100000000600001
31201412260858000100000000210001
31201412260859000100000000090001
31201412260902000100000000460001
31201412260904000100000000620001
31201412260910000100000000470001
31201412260921000100000000490001
31201412260927000100000000390001
31201412260933000100000000370001
31201412260934000100000000070001
31201412260935000100000000440001
31201412260944000100000000480001
31201412260958000100000000050001
31201412261039000100000000100001
31201412261609000200000000610001
31201412261704000200000000030001
31201412261807000200000000210001
31201412261814000600000000390001
31201412261820000100000000620001
31201412261829000600000000470001
31201412261829000600000000330001
31201412261843000100000000460001
31201412261903000600000000490001
31201412261923000200000000090001
31201412261924000100000000100001
31201412261927000100000000600001
31201412261927000200000000600001
31201412261949000600000000400001
31201412261950000600000000480001
31201412262023000600000000050001
31201412262035000600000000070001
31201412262036000100000000370001
31201412262104000600000000180001
31201412270921000100000000180001
31201412271720000600000000180001
31201412280916000100000000180001
31201412281809000600000000180001
31201412290817000100000000610001
31201412290818000100000000180001
31201412290834000100000000600001
31201412290850000100000000210001
31201412290902000100000000090001
31201412290904000100000000620001
31201412290908000100000000330001
31201412290912000100000000200001
31201412290913000100000000470001
31201412290914000100000000490001
31201412290920000100000000440001
31201412290930000100000000460001
31201412290934000100000000100001
31201412290935000100000000480001
31201412290936000100000000400001
31201412291008000100000000050001
31201412291712000100000000440001
31201412291712000100000000460001
31201412291715000600000000330001
31201412291715000600000000470001
31201412291756000100000000620001
31201412291801000200000000210001
31201412291823000200000000600001
31201412291824000600000000200001
31201412291832000600000000100001
31201412291833000100000000070001
31201412291842000200000000090001
31201412291842000200000000090001
31201412291902000600000000490001
31201412291924000100000000400001
31201412291924000100000000480001
31201412291924000600000000480001
31201412291941000600000000050001
31201412292012000600000000180001
31201412300759000100000000180001
31201412300810000100000000610001
31201412300835000100000000600001
31201412300843000100000000620001
31201412300844000100000000330001
31201412300850000100000000030001
31201412300851000100000000210001
31201412300852000100000000090001
31201412300905000100000000400001
31201412300907000100000000010001
31201412300925000100000000070001
31201412300931000100000000460001
31201412300931000100000000200001
31201412300938000100000000440001
31201412300938000100000000440001
31201412300938000100000000440001
31201412300941000100000000390001
31201412300941000500000000480001
31201412300946000100000000490001
31201412300951000100000000050001
31201412301538000200000000030001
31201412301655000200000000610001
31201412301702000200000000440001
31201412301741000100000000460001
31201412301805000100000000620001
31201412301809000600000000390001
31201412301810000200000000210001
31201412301814000600000000330001
31201412301817000100000000490001
31201412301824000200000000600001
31201412301848000200000000090001
31201412301922000600000000480001
31201412302058000600000000050001
31201412302059000600000000070001
31201412302059000600000000180001
31201412310808000100000000400001
31201412310808000100000000180001
31201412310809000100000000610001
31201412310833000100000000600001
31201412310853000100000000490001
31201412310853000100000000090001
31201412310854000100000000210001
31201412310909000100000000390001
31201412310911000100000000330001
31201412310914000100000000030001
31201412310918000100000000010001
31201412310927000100000000440001
31201412310934000100000000620001
31201412310936000100000000100001
31201412310950000100000000460001
31201412310953000100000000480001
31201412311016000100000000070001
31201412311033000100000000050001
31201412311033000100000000050001
31201412311636000200000000440001
31201412311645000100000000330001
31201412311802000600000000390001
31201412311810000100000000620001
31201412311812000200000000210001
31201412311817000100000000460001
31201412311817000600000000480001
31201412311825000100000000400001
31201412311829000200000000600001
31201412311846000200000000090001
31201412311848000600000000100001
31201412311901000200000000610001
31201412312027000600000000050001
31201412312031000600000000180001
31201501010754000100000000610001
31201501010755000100000000180001
31201501010821000100000000400001
31201501010843000100000000600001
31201501010844000100000000620001
31201501010846000100000000030001
31201501010847000100000000210001
31201501010857000100000000200001
31201501010858000100000000090001
31201501010922000100000000100001
31201501010925000100000000440001
31201501010932000100000000460001
31201501010935000100000000330001
31201501010949000100000000390001
31201501010959000100000000480001
31201501011033000100000000070001
31201501011111000100000000490001
31201501011637000100000000460001
31201501011637000200000000460001
31201501011700000200000000030001
31201501011711000200000000440001
31201501011734000100000000330001
31201501011757000600000000200001
31201501011759000600000000490001
31201501011801000200000000610001
31201501011810000200000000210001
31201501011815000600000000050001
31201501011824000200000000090001
31201501011844000100000000620001
31201501011853000600000000390001
31201501011903000100000000100001
31201501011903000600000000100001
31201501011914000600000000180001
31201501011915000600000000600001
31201501020809000100000000180001
31201501020811000100000000610001
31201501020833000100000000400001
31201501020841000100000000600001
31201501020843000100000000210001
31201501020850000100000000330001
31201501020851000100000000030001
31201501020851000100000000620001
31201501020858000100000000090001
31201501020908000100000000440001
31201501020910000100000000200001
31201501020925000100000000460001
31201501020929000100000000390001
31201501020938000100000000070001
31201501020949000100000000480001
31201501021018000100000000050001
31201501021052000100000000100001
31201501021154000100000000490001
31201501021351000100000000370001
31201501021700000100000000030001
31201501021806000100000000620001
31201501021806000200000000620001
31201501021809000200000000610001
31201501021815000200000000210001
31201501021818000600000000390001
31201501021822000100000000330001
31201501021853000100000000400001
31201501021908000100000000460001
31201501021909000200000000460001
31201501021925000200000000090001
31201501021926000200000000100001
31201501021952000600000000050001
31201501022008000100000000070001
31201501022010000600000000180001
31201501022038000600000000180001
31201501050802000100000000610001
31201501050802000100000000180001
31201501050824000100000000400001
31201501050834000100000000600001
31201501050835000100000000450001
31201501050847000100000000090001
31201501050854000100000000210001
31201501050856000100000000030001
31201501050857000100000000200001
31201501050903000100000000460001
31201501050905000100000000330001
31201501050915000100000000390001
31201501050915000100000000480001
31201501050918000100000000440001
31201501050933000100000000070001
31201501050939000100000000050001
31201501050939000100000000490001
31201501050950000100000000100001
31201501050952000100000000620001
31201501051416000100000000630001
31201501051419000100000000640001
31201501051625000200000000440001
31201501051800000600000000390001
31201501051803000200000000620001
31201501051803000200000000640001
31201501051812000200000000210001
31201501051813000200000000460001
31201501051820000200000000090001
31201501051822000200000000600001
31201501051906000100000000490001
31201501051920000400000000400001
31201501051921000600000000480001
31201501051921000600000000400001
31201501051921000600000000610001
31201501051922000100000000450001
31201501051922000200000000450001
31201501051932000600000000050001
31201501051938000100000000100001
31201501052043000600000000180001
31201501060807000100000000180001
31201501060829000100000000400001
31201501060851000100000000620001
31201501060853000100000000210001
31201501060853000100000000640001
31201501060855000100000000030001
31201501060902000100000000460001
31201501060903000100000000600001
31201501060903000100000000090001
31201501060910000100000000390001
31201501060910000100000000330001
31201501060913000100000000450001
31201501060921000100000000630001
31201501060922000100000000480001
31201501060926000100000000100001
31201501060934000100000000070001
31201501061029000100000000490001
31201501061035000100000000050001
